5 8
0
1 4 2
3 1 1
1 3 2
0 1 -1
0 2 4
3 2 5
1 2 3
4 3 -3
8 11
0
0 1 8
0 4 6
1 2 6
3 1 2
6 2 -1
2 7 4
7 6 -2
6 3 1
4 6 2
4 5 3
5 6 6
13 26
0
0 1 3
1 2 8
2 3 -2
3 4 5
8 4 -1
12 8 5
11 12 -2
10 11 5
11 10 6
0 10 4
10 9 1
0 9 -2
5 9 1
5 1 3
5 2 2
2 5 -1
6 2 8
3 6 5
6 7 4
3 7 7
4 7 -7
7 12 8
6 12 -3
6 11 7
9 6 8
5 6 2
3 3
0
0 1 5
1 2 -1
0 2 7
11 20
0
0 4 -3
0 1 -1
6 0 4
1 6 6
5 6 -5
1 5 7
5 7 -3
9 5 4
9 10 3
3 9 -4
3 10 5
10 8 -1
8 3 -2
7 8 6
7 3 1
7 2 1
1 7 8
2 1 -1
8 2 -5
4 2 4
20 50
0
6 16 1
4 5 2
1 14 3
15 2 1
13 4 1
16 15 1
0 16 2
14 2 -2
13 19 5
4 3 3
15 4 2
18 13 3
2 1 4
10 1 5
7 17 1
15 5 2
13 0 4
15 13 2
3 15 2
9 11 2
17 16 3
2 11 4
14 4 3
1 5 5
5 14 2
8 3 4
6 19 2
8 9 1
0 5 3
18 6 1
18 11 5
8 16 2
18 0 2
16 17 4
3 18 5
10 13 3
16 4 1
7 16 2
17 8 3
16 0 2
17 7 5
15 1 1
11 14 3
9 14 5
1 0 0
8 1 3
0 14 4
12 15 0
14 0 1
4 8 4
15 16
0
0 1 3
1 2 6
1 3 7
1 4 5
2 5 3
4 8 5
2 6 6
4 7 2
6 9 9
7 10 1
6 11 2
7 11 7
3 12 0
12 13 9
13 14 3
14 11 6